0.503489,0.512411
0.498694,0.434228
0.497017,0.460301
0.478454,0.353855
0.499062,0.408802
0.499147,0.376305
0.498988,0.297759
0.322492,0.296869
0.498918,0.230645
0.499232,0.195570
0.499843,0.075445
0.503576,0.522362
0.502939,0.532500
0.501953,0.539332
0.502756,0.577170
0.503293,0.592593
0.503212,0.611119
0.502442,0.628295
0.494330,0.642885
0.498267,0.447473
0.475957,0.447947
0.244997,0.198905
0.396014,0.313755
0.370053,0.318105
0.345408,0.317419
0.312994,0.303120
0.418132,0.303969
0.360669,0.245755
0.388872,0.247894
0.334442,0.249211
0.317585,0.258360
0.294617,0.316402
0.407338,0.658801
0.314363,0.292264
0.235202,0.307215
0.271808,0.294421
0.376630,0.417057
0.474382,0.507870
0.477334,0.532106
0.445945,0.519848
0.427774,0.532009
0.455683,0.535904
0.439381,0.541603
0.385507,0.581225
0.478957,0.433825
0.475877,0.409654
0.284667,0.227761
0.424652,0.354693
0.420375,0.428784
0.418021,0.415898
0.307673,0.415406
0.476964,0.379322
0.338703,0.203147
0.306291,0.211018
0.266353,0.153007
0.446666,0.222995
0.413520,0.256199
0.370141,0.553086
0.267436,0.532935
0.438885,0.442756
0.458910,0.450599
0.408094,0.554296
0.414892,0.554431
0.295575,0.191956
0.419091,0.440388
0.383531,0.204730
0.380124,0.183019
0.360480,0.090275
0.281356,0.175127
0.373712,0.136641
0.273192,0.213843
0.258828,0.212429
0.475437,0.521019
0.450780,0.528483
0.433361,0.537039
0.444648,0.447661
0.411580,0.554455
0.420833,0.566456
0.418165,0.554371
0.451049,0.433562
0.443925,0.544267
0.459626,0.540200
0.479117,0.538496
0.459727,0.640188
0.470443,0.623763
0.472925,0.606976
0.475978,0.588522
0.479103,0.574566
0.444101,0.565420
0.438463,0.571190
0.431714,0.579363
0.426039,0.588077
0.395919,0.507412
0.237428,0.413402
0.497790,0.453636
0.432487,0.560803
0.426840,0.563309
0.465635,0.460231
0.427453,0.455328
0.462552,0.455535
0.398856,0.369213
0.360837,0.386101
0.413813,0.427522
0.302682,0.115699
0.317506,0.148500
0.331570,0.181273
0.403698,0.602910
0.439927,0.188352
0.432465,0.135044
0.424089,0.078281
0.324426,0.312364
0.270271,0.332146
0.432127,0.295577
0.293822,0.264946
0.442295,0.338289
0.435508,0.418502
0.252103,0.354128
0.282558,0.352123
0.311149,0.363360
0.358204,0.359543
0.394343,0.347905
0.421623,0.335202
0.475626,0.304346
0.256413,0.405661
0.276805,0.258205
0.486523,0.446894
0.426186,0.378259
0.230162,0.304583
0.441985,0.321520
0.411530,0.429230
0.304956,0.287267
0.433876,0.402942
0.247947,0.471181
0.433215,0.288070
0.455279,0.388431
0.317619,0.594442
0.319608,0.619040
0.237661,0.410640
0.289763,0.560892
0.246208,0.256739
0.404441,0.679143
0.488569,0.452929
0.404342,0.396939
0.254693,0.296411
0.347932,0.303539
0.370555,0.304278
0.415187,0.570030
0.263311,0.454736
0.445318,0.711849
0.378736,0.675082
0.351545,0.651756
0.499647,0.135618
0.493348,0.717148
0.392502,0.300486
0.413343,0.293335
0.426590,0.289472
0.263037,0.250072
0.412587,0.291141
0.390575,0.298217
0.368641,0.301520
0.346320,0.300647
0.331289,0.297993
0.234063,0.246841
0.332702,0.300333
0.496413,0.481497
0.417684,0.492360
0.439086,0.438168
0.462578,0.483507
0.498786,0.264985
0.345887,0.627096
0.373889,0.652510
0.444124,0.699202
0.292941,0.582787
0.426637,0.287585
0.459358,0.343807
0.493544,0.704352
0.408903,0.696348
0.247340,0.464518
0.459659,0.570287
0.454223,0.580280
0.448810,0.593917
0.444593,0.608864
0.427237,0.624271
0.426611,0.547829
0.420668,0.545658
0.415526,0.542947
0.379694,0.527969
0.293592,0.468408
0.459270,0.319513
0.449367,0.268254
0.435824,0.272358
0.431572,0.549136
0.296004,0.527471
0.468906,0.267994
0.416287,0.639461
0.499101,0.349773
0.476897,0.330556
0.499027,0.325060
0.440923,0.382330
0.493761,0.684563
0.493942,0.661663
0.453125,0.657892
0.366496,0.587245
0.392950,0.449633
0.388335,0.615824
0.341944,0.447278
0.373230,0.475357
0.325525,0.487280
0.446580,0.679874
0.425541,0.396742
0.350013,0.603026
0.377864,0.631554
0.349655,0.554088
0.272849,0.496481
0.323782,0.556169
0.263242,0.514629
0.357512,0.508094
0.443190,0.360687
0.443618,0.429327
0.428356,0.436551
0.454813,0.412744
0.428465,0.244957
0.386891,0.230432
0.351068,0.228134
0.322154,0.233238
0.302768,0.244788
0.290749,0.289870
0.233228,0.358602
0.305598,0.328646
0.330257,0.336907
0.363495,0.336737
0.395951,0.329254
0.421556,0.318351
0.438699,0.309255
0.232536,0.358746
0.428479,0.443713
0.459071,0.365563
0.461613,0.430584
0.474535,0.443375
0.461307,0.434846
0.435000,0.451513
0.479107,0.445503
0.481174,0.451601
0.441320,0.287051
0.452210,0.294928
0.457726,0.301443
0.321756,0.295192
0.306042,0.269535
0.519459,0.353404
0.672122,0.291992
0.519456,0.446911
0.744686,0.196740
0.597679,0.306677
0.621756,0.310572
0.645278,0.311010
0.679363,0.297800
0.578144,0.299190
0.639709,0.240592
0.612128,0.243450
0.665098,0.243723
0.680773,0.253016
0.693194,0.310563
0.578457,0.656649
0.681144,0.287188
0.752213,0.303217
0.715758,0.287524
0.615723,0.415172
0.531206,0.508120
0.526793,0.532617
0.556860,0.519342
0.572153,0.531434
0.546004,0.536382
0.559989,0.541826
0.600126,0.578389
0.518239,0.433207
0.522024,0.409044
0.713097,0.220890
0.569494,0.353262
0.573992,0.427065
0.576171,0.414253
0.683219,0.412434
0.520959,0.378767
0.665957,0.196040
0.695368,0.203766
0.726803,0.151036
0.557949,0.216497
0.587599,0.253084
0.615883,0.550132
0.710059,0.528397
0.555051,0.441184
0.535370,0.449645
0.587587,0.554759
0.580759,0.554791
0.706684,0.186012
0.574099,0.438790
0.622589,0.197514
0.627480,0.177472
0.638029,0.089198
0.713508,0.172272
0.624898,0.135007
0.724132,0.208063
0.733327,0.209499
0.529972,0.521470
0.551845,0.528681
0.566697,0.536848
0.548999,0.446297
0.584111,0.554875
0.576829,0.567014
0.577656,0.554593
0.544406,0.432038
0.554051,0.544678
0.540645,0.540910
0.523379,0.539010
0.528577,0.639609
0.532864,0.623742
0.531751,0.607003
0.528709,0.588822
0.524897,0.575094
0.554931,0.566166
0.561049,0.571937
0.567879,0.579949
0.573184,0.588515
0.593247,0.505612
0.742040,0.409494
0.564557,0.561285
0.570810,0.563935
0.528476,0.459706
0.565126,0.454016
0.531728,0.454891
0.594250,0.367531
0.631831,0.384019
0.579491,0.425963
0.693689,0.114089
0.679751,0.146192
0.674615,0.175868
0.582564,0.600701
0.567452,0.183849
0.566797,0.134132
0.575426,0.077641
0.666505,0.306729
0.714034,0.324717
0.566234,0.292363
0.700820,0.259124
0.553063,0.337029
0.560141,0.416989
0.737365,0.350148
0.700295,0.345231
0.672013,0.356652
0.627217,0.352475
0.593877,0.341220
0.569596,0.329837
0.521856,0.303780
0.732192,0.401713
0.715528,0.251845
0.509932,0.446339
0.567902,0.376942
0.753392,0.301390
0.552022,0.317102
0.580767,0.427725
0.689984,0.282116
0.561598,0.401482
0.730051,0.466881
0.567206,0.284700
0.541637,0.387401
0.664783,0.590115
0.660398,0.614858
0.747030,0.405916
0.691865,0.556137
0.743317,0.253456
0.580586,0.676696
0.506994,0.452540
0.588411,0.395377
0.731711,0.289268
0.645747,0.297199
0.623631,0.297026
0.582167,0.570466
0.723146,0.450693
0.540529,0.710649
0.604419,0.671645
0.630282,0.647773
0.603165,0.293973
0.584493,0.288738
0.572976,0.285903
0.728227,0.243819
0.587244,0.286142
0.608141,0.290650
0.629294,0.293158
0.650580,0.292734
0.665039,0.291048
0.752428,0.244245
0.661133,0.294975
0.573213,0.490971
0.555346,0.436530
0.530466,0.482933
0.636981,0.623244
0.609760,0.649225
0.542148,0.697923
0.685591,0.578295
0.573782,0.284414
0.537450,0.342948
0.575729,0.693868
0.735197,0.459603
0.542044,0.571041
0.547852,0.580949
0.553292,0.594341
0.556965,0.609108
0.559966,0.622563
0.570922,0.547893
0.577114,0.545637
0.582476,0.542644
0.607775,0.525651
0.694415,0.464956
0.537136,0.318654
0.551790,0.265005
0.565122,0.269861
0.565167,0.549195
0.688549,0.523351
0.530693,0.264363
0.569918,0.637549
0.520791,0.329970
0.554480,0.381321
0.534201,0.656997
0.618577,0.584342
0.598293,0.447865
0.596989,0.613211
0.648988,0.444855
0.616866,0.473419
0.663143,0.484501
0.540214,0.678864
0.568412,0.395375
0.634485,0.599502
0.606939,0.628579
0.636047,0.551217
0.711812,0.492128
0.661226,0.552521
0.718115,0.509565
0.630612,0.505892
0.552168,0.359677
0.551963,0.427720
0.565980,0.434898
0.542109,0.411547
0.574674,0.239912
0.616143,0.224091
0.651245,0.221785
0.678370,0.227106
0.695396,0.238990
0.700519,0.284095
0.752881,0.354192
0.681877,0.322736
0.656985,0.330669
0.625181,0.329591
0.595158,0.322470
0.572486,0.313153
0.557459,0.305026
0.748849,0.355185
0.564909,0.442129
0.537733,0.364739
0.534849,0.429280
0.521325,0.442291
0.534535,0.433553
0.558108,0.450129
0.517156,0.444620
0.514123,0.450795
0.558686,0.284315
0.546041,0.291363
0.538846,0.297821
0.674361,0.289229
0.690433,0.264359
