MOUTH PARTITION - QUICK SUMMARY
============================================================

Total Nodes: 277
Total Edges: 723

All Node Indices (Original MediaPipe 0-467):
[0, 1, 3, 4, 5, 11, 12, 13, 14, 15, 16, 17, 18, 19, 22, 23, 24, 31, 32, 36, 37, 38, 39, 40, 41, 42, 43, 44, 45, 47, 50, 51, 57, 58, 61, 62, 64, 72, 73, 74, 76, 77, 78, 80, 81, 82, 83, 84, 85, 86, 87, 88, 89, 90, 91, 92, 93, 95, 96, 97, 99, 100, 101, 102, 106, 111, 114, 116, 117, 118, 119, 120, 121, 123, 125, 126, 128, 129, 132, 134, 135, 136, 137, 138, 140, 142, 146, 147, 148, 149, 150, 152, 164, 165, 167, 169, 170, 171, 172, 175, 176, 177, 178, 179, 180, 181, 182, 183, 184, 185, 186, 187, 191, 192, 194, 195, 199, 200, 201, 202, 203, 204, 205, 206, 207, 208, 209, 210, 211, 212, 213, 214, 215, 216, 217, 228, 229, 230, 231, 232, 236, 237, 240, 248, 252, 253, 254, 261, 262, 264, 266, 267, 268, 269, 270, 271, 272, 273, 274, 275, 277, 279, 280, 281, 287, 288, 291, 292, 294, 302, 303, 304, 306, 307, 308, 310, 311, 312, 313, 314, 315, 316, 317, 318, 319, 320, 321, 322, 323, 324, 325, 326, 328, 329, 330, 331, 335, 340, 343, 345, 346, 347, 348, 349, 350, 352, 354, 355, 356, 357, 358, 361, 363, 364, 365, 366, 367, 368, 369, 371, 372, 375, 376, 377, 378, 379, 383, 389, 391, 393, 394, 395, 396, 397, 400, 401, 402, 403, 404, 405, 406, 407, 408, 409, 410, 411, 415, 416, 418, 421, 422, 423, 424, 425, 426, 427, 428, 429, 430, 431, 432, 433, 434, 435, 436, 437, 440, 447, 448, 449, 450, 451, 452, 454, 456, 457, 460]

Node Mapping (first 20 and last 5):
    0 ->   0
    1 ->   1
    3 ->   2
    4 ->   3
    5 ->   4
   11 ->   5
   12 ->   6
   13 ->   7
   14 ->   8
   15 ->   9
   16 ->  10
   17 ->  11
   18 ->  12
   19 ->  13
   22 ->  14
   23 ->  15
   24 ->  16
   31 ->  17
   32 ->  18
   36 ->  19
  452 -> 272
  454 -> 273
  456 -> 274
  457 -> 275
  460 -> 276

============================================================
Connection Examples:
============================================================

Node   0: 4 connections
  -> [11, 37, 164, 267]

Node   4: 8 connections
  -> [1, 5, 44, 45, 51, 274, 275, 281]

Node  61: 6 connections
  -> [43, 57, 76, 146, 184, 185]

Node  78: 4 connections
  -> [62, 95, 96, 191]

Node 152: 3 connections
  -> [148, 175, 377]

Node 291: 6 connections
  -> [273, 287, 306, 375, 408, 409]

Node 308: 4 connections
  -> [292, 324, 325, 415]

